timestamp,fridge,ac,lights,microwave,total_power
2023-01-01,92.95833333333333,295.8333333333333,32.666666666666664,74.375,495.8333333333333
2023-01-02,91.125,323.9583333333333,26.625,34.166666666666664,475.875
2023-01-03,90.79166666666667,256.0416666666667,24.5,0.0,371.3333333333333
2023-01-04,89.83333333333333,61.291666666666664,32.041666666666664,75.79166666666667,255.16666666666666
2023-01-05,102.79166666666667,140.04166666666666,32.75,43.625,319.2083333333333
2023-01-06,84.70833333333333,151.08333333333334,28.333333333333332,37.666666666666664,301.7916666666667
2023-01-07,72.875,423.5833333333333,38.833333333333336,38.583333333333336,573.875
2023-01-08,70.70833333333333,398.25,24.25,0.0,493.2083333333333
2023-01-09,102.29166666666667,131.66666666666666,37.5,0.0,265.0
2023-01-10,81.29166666666667,146.08333333333334,38.458333333333336,0.0,265.8333333333333
2023-01-11,97.625,41.791666666666664,29.708333333333332,0.0,169.125
2023-01-12,74.91666666666667,301.5416666666667,33.25,74.58333333333333,484.2916666666667
2023-01-13,90.70833333333333,243.875,28.0,171.08333333333334,533.6666666666666
2023-01-14,85.16666666666667,190.83333333333334,28.833333333333332,0.0,299.125
2023-01-15,90.0,296.5,32.916666666666664,115.29166666666667,534.7083333333334
2023-01-16,65.08333333333333,192.70833333333334,36.541666666666664,47.708333333333336,342.0416666666667
2023-01-17,79.41666666666667,55.791666666666664,34.791666666666664,78.08333333333333,248.08333333333334
2023-01-18,99.875,162.75,25.375,40.583333333333336,328.5833333333333
2023-01-19,85.79166666666667,338.0416666666667,26.625,43.708333333333336,494.1666666666667
2023-01-20,110.875,167.875,32.666666666666664,0.0,311.4166666666667
2023-01-21,101.58333333333333,170.375,22.458333333333332,0.0,294.4166666666667
2023-01-22,82.33333333333333,148.0,27.291666666666668,80.375,343.25
2023-01-23,101.95833333333333,177.25,28.375,42.291666666666664,349.875
2023-01-24,74.58333333333333,300.125,37.708333333333336,0.0,412.4166666666667
2023-01-25,92.25,234.70833333333334,29.291666666666668,44.5,400.75
2023-01-26,70.58333333333333,258.375,29.916666666666668,44.125,403.0
2023-01-27,96.5,168.04166666666666,38.083333333333336,38.791666666666664,341.4166666666667
2023-01-28,105.79166666666667,332.0833333333333,24.666666666666668,117.125,579.6666666666666
2023-01-29,71.08333333333333,117.20833333333333,30.458333333333332,119.66666666666667,338.4166666666667
2023-01-30,84.125,235.0,30.541666666666668,123.75,473.4166666666667
2023-01-31,89.875,74.5,28.291666666666668,71.41666666666667,264.0833333333333
2023-02-01,100.375,226.58333333333334,40.791666666666664,127.45833333333333,495.2083333333333
2023-02-02,102.0,256.875,18.833333333333332,33.416666666666664,411.125
2023-02-03,104.66666666666667,142.66666666666666,46.458333333333336,82.95833333333333,376.375
2023-02-04,111.20833333333333,342.8333333333333,34.333333333333336,133.04166666666666,621.4166666666666
2023-02-05,77.5,66.5,29.666666666666668,0.0,173.66666666666666
2023-02-06,78.95833333333333,293.4166666666667,27.833333333333332,84.125,484.3333333333333
2023-02-07,91.20833333333333,65.33333333333333,29.375,33.625,219.54166666666666
2023-02-08,74.29166666666667,64.20833333333333,24.416666666666668,83.0,245.91666666666666
2023-02-09,93.875,136.58333333333334,25.083333333333332,125.29166666666667,380.8333333333333
2023-02-10,94.04166666666667,302.2916666666667,36.708333333333336,0.0,433.0416666666667
2023-02-11,88.83333333333333,223.125,23.625,85.83333333333333,421.4166666666667
2023-02-12,104.70833333333333,303.0416666666667,35.25,85.04166666666667,528.0416666666666
2023-02-13,84.08333333333333,102.0,33.333333333333336,84.83333333333333,304.25
2023-02-14,74.125,472.375,32.916666666666664,47.833333333333336,627.25
2023-02-15,82.33333333333333,105.41666666666667,23.5,203.0,412.4583333333333
2023-02-16,92.25,559.0833333333334,37.75,88.375,777.4583333333334
2023-02-17,76.70833333333333,97.25,39.375,46.041666666666664,259.375
2023-02-18,92.25,133.04166666666666,23.916666666666668,164.54166666666666,413.75
2023-02-19,93.875,174.625,34.083333333333336,86.95833333333333,389.5416666666667
2023-02-20,70.95833333333333,289.4583333333333,24.208333333333332,43.958333333333336,428.5833333333333
2023-02-21,86.45833333333333,0.0,39.125,0.0,125.58333333333333
2023-02-22,72.58333333333333,136.91666666666666,31.708333333333332,71.54166666666667,312.75
2023-02-23,103.54166666666667,239.70833333333334,34.583333333333336,0.0,377.8333333333333
2023-02-24,115.875,144.33333333333334,24.666666666666668,81.95833333333333,366.8333333333333
2023-02-25,91.45833333333333,97.83333333333333,39.541666666666664,71.125,299.9583333333333
2023-02-26,89.625,59.375,35.875,0.0,184.875
2023-02-27,109.29166666666667,45.458333333333336,33.583333333333336,36.666666666666664,225.0
2023-02-28,75.16666666666667,91.79166666666667,45.0,38.875,250.83333333333334
2023-03-01,103.70833333333333,0.0,41.958333333333336,47.958333333333336,193.625
2023-03-02,114.75,136.66666666666666,34.208333333333336,33.333333333333336,318.9583333333333
2023-03-03,84.375,275.8333333333333,35.541666666666664,0.0,395.75
2023-03-04,96.25,0.0,32.708333333333336,0.0,128.95833333333334
2023-03-05,66.58333333333333,132.04166666666666,36.541666666666664,39.416666666666664,274.5833333333333
2023-03-06,99.33333333333333,374.2916666666667,33.916666666666664,46.958333333333336,554.5
2023-03-07,74.0,245.95833333333334,25.5,34.708333333333336,380.1666666666667
2023-03-08,96.625,0.0,27.375,47.0,171.0
2023-03-09,79.41666666666667,145.70833333333334,37.583333333333336,69.25,331.9583333333333
2023-03-10,84.58333333333333,221.875,34.625,81.75,422.8333333333333
2023-03-11,97.29166666666667,0.0,28.208333333333332,79.0,204.5
2023-03-12,87.08333333333333,80.25,30.666666666666668,116.875,314.875
2023-03-13,73.83333333333333,192.83333333333334,34.958333333333336,126.20833333333333,427.8333333333333
2023-03-14,97.58333333333333,144.04166666666666,32.416666666666664,0.0,274.0416666666667
2023-03-15,82.45833333333333,84.5,27.458333333333332,113.29166666666667,307.7083333333333
2023-03-16,87.08333333333333,234.83333333333334,30.375,0.0,352.2916666666667
2023-03-17,90.95833333333333,148.08333333333334,41.0,41.875,321.9166666666667
2023-03-18,115.33333333333333,114.625,25.833333333333332,123.66666666666667,379.4583333333333
2023-03-19,100.20833333333333,113.29166666666667,29.208333333333332,38.041666666666664,280.75
2023-03-20,84.875,79.29166666666667,20.666666666666668,41.125,225.95833333333334
2023-03-21,89.58333333333333,156.83333333333334,39.583333333333336,49.291666666666664,335.2916666666667
2023-03-22,80.75,196.70833333333334,35.625,0.0,309.5
2023-03-23,87.5,93.70833333333333,27.291666666666668,87.79166666666667,296.2916666666667
2023-03-24,78.16666666666667,128.66666666666666,32.083333333333336,49.625,288.5416666666667
2023-03-25,71.0,59.708333333333336,38.458333333333336,36.25,205.41666666666666
2023-03-26,104.375,123.16666666666667,29.208333333333332,0.0,256.75
2023-03-27,69.08333333333333,227.25,30.333333333333332,66.91666666666667,393.5833333333333
2023-03-28,81.91666666666667,0.0,28.0,92.45833333333333,202.375
2023-03-29,66.41666666666667,236.79166666666666,26.541666666666668,160.91666666666666,490.6666666666667
2023-03-30,78.58333333333333,185.75,25.0,39.125,328.4583333333333
2023-03-31,74.625,69.29166666666667,36.708333333333336,0.0,180.625
2023-04-01,78.91666666666667,1522.0416666666667,31.125,47.083333333333336,1695.1666666666667
2023-04-02,87.70833333333333,1150.25,24.791666666666668,44.708333333333336,1307.4583333333333
2023-04-03,87.45833333333333,1453.4583333333333,34.333333333333336,78.0,1653.25
2023-04-04,95.375,1463.5,35.0,131.41666666666666,1725.2916666666667
2023-04-05,64.91666666666667,1079.4166666666667,29.625,79.70833333333333,1253.6666666666667
2023-04-06,85.83333333333333,1366.0,31.833333333333332,39.5,1523.1666666666667
2023-04-07,63.0,1660.0,33.208333333333336,91.0,1847.2083333333333
2023-04-08,94.83333333333333,1407.0833333333333,23.583333333333332,0.0,1525.5
2023-04-09,88.875,1239.75,28.916666666666668,83.83333333333333,1441.375
2023-04-10,65.33333333333333,1198.2083333333333,34.375,82.20833333333333,1447.2916666666667
2023-04-11,75.91666666666667,1596.375,31.625,0.0,1703.9166666666667
2023-04-12,79.45833333333333,1742.6666666666667,36.791666666666664,45.375,1904.2916666666667
2023-04-13,68.875,1428.9166666666667,28.958333333333332,0.0,1526.75
2023-04-14,115.54166666666667,1353.4166666666667,32.541666666666664,119.29166666666667,1620.7916666666667
2023-04-15,79.45833333333333,1625.0833333333333,28.333333333333332,78.875,1811.75
2023-04-16,92.875,1331.0833333333333,28.875,46.541666666666664,1499.375
2023-04-17,93.16666666666667,1475.7916666666667,43.791666666666664,44.666666666666664,1657.4166666666667
2023-04-18,65.04166666666667,1472.5833333333333,28.375,42.083333333333336,1608.0833333333333
2023-04-19,92.45833333333333,1339.7083333333333,43.875,82.79166666666667,1558.8333333333333
2023-04-20,88.70833333333333,1330.2083333333333,36.166666666666664,0.0,1455.0833333333333
2023-04-21,82.41666666666667,1425.0833333333333,30.833333333333332,46.375,1584.7083333333333
2023-04-22,86.79166666666667,1604.3333333333333,40.25,40.708333333333336,1772.0833333333333
2023-04-23,83.08333333333333,1245.4166666666667,35.833333333333336,41.0,1405.3333333333333
2023-04-24,93.5,1541.3333333333333,27.166666666666668,0.0,1662.0
2023-04-25,74.25,1039.6666666666667,31.333333333333332,0.0,1145.25
2023-04-26,94.25,1337.0416666666667,33.458333333333336,43.208333333333336,1509.2083333333333
2023-04-27,79.25,1128.8333333333333,26.666666666666668,36.0,1270.75
2023-04-28,75.58333333333333,1531.5833333333333,33.875,48.333333333333336,1689.375
2023-04-29,77.83333333333333,1886.8333333333333,23.041666666666668,78.58333333333333,2066.2916666666665
2023-04-30,104.5,1365.1666666666667,24.708333333333332,41.666666666666664,1547.6666666666667
2023-05-01,53.291666666666664,1491.9583333333333,25.791666666666668,169.83333333333334,1740.875
2023-05-02,77.29166666666667,1629.2916666666667,29.625,91.33333333333333,1827.5416666666667
2023-05-03,89.33333333333333,1572.6666666666667,24.0,33.541666666666664,1719.5416666666667
2023-05-04,106.0,1173.25,31.75,35.458333333333336,1346.4583333333333
2023-05-05,80.66666666666667,1264.125,23.541666666666668,121.83333333333333,1490.1666666666667
2023-05-06,82.66666666666667,1756.1666666666667,27.208333333333332,34.333333333333336,1900.375
2023-05-07,87.79166666666667,1292.7916666666667,31.291666666666668,0.0,1411.875
2023-05-08,89.58333333333333,1256.0,26.875,82.79166666666667,1455.25
2023-05-09,95.79166666666667,1616.7083333333333,34.916666666666664,44.208333333333336,1791.625
2023-05-10,86.08333333333333,1346.5416666666667,26.416666666666668,34.416666666666664,1493.4583333333333
2023-05-11,90.70833333333333,1459.6666666666667,34.625,44.0,1629.0
2023-05-12,92.20833333333333,1574.25,38.416666666666664,0.0,1704.875
2023-05-13,93.04166666666667,1121.1666666666667,33.75,94.95833333333333,1342.9166666666667
2023-05-14,88.58333333333333,1851.25,29.666666666666668,75.95833333333333,2069.6666666666665
2023-05-15,77.04166666666667,1330.0416666666667,31.916666666666668,0.0,1439.0
2023-05-16,72.41666666666667,1416.75,34.166666666666664,48.291666666666664,1571.625
2023-05-17,95.29166666666667,1492.7083333333333,39.625,96.25,1723.875
2023-05-18,75.29166666666667,1216.75,28.208333333333332,0.0,1320.25
2023-05-19,94.125,1549.1666666666667,26.166666666666668,40.375,1709.8333333333333
2023-05-20,99.875,1361.0416666666667,32.833333333333336,84.91666666666667,1578.6666666666667
2023-05-21,99.20833333333333,1189.125,31.0,36.25,1355.5833333333333
2023-05-22,83.66666666666667,1153.9166666666667,20.083333333333332,83.41666666666667,1341.0833333333333
2023-05-23,83.58333333333333,1366.1666666666667,43.458333333333336,41.25,1534.4583333333333
2023-05-24,103.70833333333333,1597.125,30.583333333333332,0.0,1731.4166666666667
2023-05-25,94.41666666666667,1592.875,32.5,91.375,1811.1666666666667
2023-05-26,91.5,1498.0416666666667,25.875,0.0,1615.4166666666667
2023-05-27,83.375,1494.2083333333333,34.0,41.75,1653.3333333333333
2023-05-28,91.29166666666667,1561.625,30.708333333333332,81.125,1764.75
2023-05-29,71.625,1471.6666666666667,32.708333333333336,35.916666666666664,1611.9166666666667
2023-05-30,76.33333333333333,1485.0416666666667,28.75,0.0,1590.125
2023-05-31,101.54166666666667,1558.2916666666667,22.666666666666668,0.0,1682.5
2023-06-01,90.875,1591.9166666666667,32.416666666666664,49.541666666666664,1764.75
2023-06-02,80.16666666666667,1815.75,34.5,82.375,2012.7916666666667
2023-06-03,95.75,1264.4583333333333,22.541666666666668,48.75,1431.5
2023-06-04,66.375,1395.2083333333333,34.125,34.291666666666664,1522.625
2023-06-05,101.875,1525.375,33.416666666666664,46.083333333333336,1747.75
2023-06-06,87.58333333333333,1258.375,34.083333333333336,34.041666666666664,1414.0833333333333
2023-06-07,68.0,1581.625,31.875,0.0,1647.375
2023-06-08,77.70833333333333,1393.4166666666667,28.958333333333332,39.208333333333336,1539.2916666666667
2023-06-09,77.375,1536.6666666666667,35.833333333333336,44.958333333333336,1716.375
2023-06-10,93.5,1319.0416666666667,33.791666666666664,0.0,1446.3333333333333
2023-06-11,93.125,1477.0416666666667,32.916666666666664,48.666666666666664,1651.75
2023-06-12,80.5,1631.125,40.833333333333336,35.375,1787.8333333333333
2023-06-13,92.75,1409.625,46.541666666666664,38.416666666666664,1587.3333333333333
2023-06-14,98.70833333333333,1306.0833333333333,37.583333333333336,78.79166666666667,1521.1666666666667
2023-06-15,82.08333333333333,1275.1666666666667,31.625,35.041666666666664,1423.9166666666667
2023-06-16,118.45833333333333,1450.3333333333333,29.5,80.20833333333333,1678.5
2023-06-17,92.20833333333333,1643.625,26.25,85.625,1847.7083333333333
2023-06-18,104.33333333333333,1607.2916666666667,35.708333333333336,49.833333333333336,1797.1666666666667
2023-06-19,84.79166666666667,1286.625,29.875,138.58333333333334,1539.875
2023-06-20,98.625,1289.4583333333333,36.25,34.5,1367.5833333333333
2023-06-21,90.20833333333333,1393.375,36.625,0.0,1520.2083333333333
2023-06-22,88.875,1319.5833333333333,34.666666666666664,40.583333333333336,1483.7083333333333
2023-06-23,80.875,1574.25,41.666666666666664,71.70833333333333,1768.5
2023-06-24,61.0,1549.875,32.291666666666664,46.041666666666664,1689.2083333333333
2023-06-25,87.29166666666667,1571.2916666666667,33.666666666666664,78.41666666666667,1770.6666666666667
2023-06-26,63.333333333333336,1392.25,31.166666666666668,83.41666666666667,1570.1666666666667
2023-06-27,93.33333333333333,1544.125,32.125,89.41666666666667,1743.625
2023-06-28,96.58333333333333,1585.9166666666667,32.75,0.0,1715.25
2023-06-29,91.95833333333333,1465.6666666666667,39.166666666666664,49.916666666666664,1646.7083333333333
2023-06-30,56.0,2370.0,30.0,0.0,2456.0
