timestamp,fridge,ac,lights,microwave,total_power
2023-01-01,71.91666666666667,115.45833333333333,38.708333333333336,39.958333333333336,266.0416666666667
2023-01-02,116.41666666666667,64.70833333333333,32.791666666666664,0.0,213.91666666666666
2023-01-03,89.54166666666667,308.9583333333333,36.208333333333336,42.458333333333336,477.1666666666667
2023-01-04,68.08333333333333,202.875,27.75,0.0,298.7083333333333
2023-01-05,69.70833333333333,86.54166666666667,34.083333333333336,42.291666666666664,232.625
2023-01-06,110.875,145.25,29.625,0.0,285.75
2023-01-07,83.375,116.25,26.125,123.54166666666667,349.2916666666667
2023-01-08,94.375,69.625,40.125,87.25,291.375
2023-01-09,97.04166666666667,74.08333333333333,33.625,80.41666666666667,285.1666666666667
2023-01-10,102.75,245.20833333333334,34.291666666666664,42.333333333333336,424.5833333333333
2023-01-11,81.41666666666667,79.20833333333333,27.291666666666668,48.583333333333336,236.5
2023-01-12,87.33333333333333,0.0,38.041666666666664,34.5,159.875
2023-01-13,114.625,0.0,37.708333333333336,71.625,223.95833333333334
2023-01-14,76.91666666666667,49.583333333333336,30.416666666666668,108.75,268.875
2023-01-15,105.0,318.375,29.833333333333332,0.0,453.2083333333333
2023-01-16,108.45833333333333,239.0,28.25,91.625,467.3333333333333
2023-01-17,82.95833333333333,51.083333333333336,34.708333333333336,35.208333333333336,203.95833333333334
2023-01-18,72.16666666666667,53.75,29.125,33.666666666666664,188.70833333333334
2023-01-19,92.0,487.7083333333333,30.708333333333332,42.125,652.5416666666666
2023-01-20,94.875,221.16666666666666,42.666666666666664,72.95833333333333,431.6666666666667
2023-01-21,66.41666666666667,144.79166666666666,27.791666666666668,96.66666666666667,335.6666666666667
2023-01-22,97.625,184.45833333333334,28.291666666666668,0.0,310.375
2023-01-23,77.66666666666667,0.0,25.166666666666668,87.16666666666667,190.0
2023-01-24,97.45833333333333,127.875,35.875,0.0,260.6666666666667
2023-01-25,86.33333333333333,84.625,35.416666666666664,0.0,206.375
2023-01-26,106.875,57.583333333333336,24.375,91.0,277.7916666666667
2023-01-27,101.75,218.75,25.875,121.20833333333333,467.5833333333333
2023-01-28,76.83333333333333,92.0,28.916666666666668,0.0,197.75
2023-01-29,114.0,61.25,37.333333333333336,0.0,212.58333333333334
2023-01-30,93.08333333333333,458.2916666666667,37.291666666666664,0.0,533.5416666666666
2023-01-31,69.41666666666667,292.125,34.625,84.70833333333333,480.875
2023-02-01,88.375,93.91666666666667,31.75,83.125,297.1666666666667
2023-02-02,121.45833333333333,152.08333333333334,33.083333333333336,122.875,429.5
2023-02-03,77.16666666666667,293.4166666666667,47.083333333333336,42.416666666666664,460.0833333333333
2023-02-04,99.625,145.58333333333334,31.958333333333332,139.54166666666666,458.7916666666667
2023-02-05,106.29166666666667,191.83333333333334,26.916666666666668,39.833333333333336,364.875
2023-02-06,60.125,160.95833333333334,35.416666666666664,43.583333333333336,300.0833333333333
2023-02-07,86.33333333333333,127.04166666666667,35.083333333333336,0.0,248.66666666666666
2023-02-08,106.79166666666667,195.45833333333334,29.166666666666668,92.95833333333333,424.375
2023-02-09,77.79166666666667,155.66666666666666,39.958333333333336,33.916666666666664,307.3333333333333
2023-02-10,81.91666666666667,186.20833333333334,26.708333333333332,0.0,294.8333333333333
2023-02-11,86.79166666666667,257.2083333333333,25.666666666666668,36.833333333333336,406.5
2023-02-12,92.95833333333333,0.0,37.041666666666664,153.75,283.75
2023-02-13,82.70833333333333,112.70833333333333,31.208333333333332,0.0,226.625
2023-02-14,92.16666666666667,257.375,35.083333333333336,0.0,392.2916666666667
2023-02-15,91.83333333333333,106.875,27.875,81.29166666666667,307.875
2023-02-16,94.70833333333333,256.0416666666667,27.916666666666668,0.0,378.6666666666667
2023-02-17,79.58333333333333,0.0,25.375,0.0,104.95833333333333
2023-02-18,109.95833333333333,93.79166666666667,38.583333333333336,43.166666666666664,285.5
2023-02-19,97.375,119.875,32.916666666666664,37.625,287.7916666666667
2023-02-20,94.875,0.0,33.458333333333336,0.0,128.33333333333334
2023-02-21,106.0,175.54166666666666,33.958333333333336,43.291666666666664,358.7916666666667
2023-02-22,74.0,99.79166666666667,27.541666666666668,36.375,237.70833333333334
2023-02-23,77.125,224.95833333333334,36.416666666666664,82.125,425.5
2023-02-24,70.16666666666667,227.25,23.916666666666668,44.0,365.3333333333333
2023-02-25,83.41666666666667,199.20833333333334,38.0,40.458333333333336,361.0833333333333
2023-02-26,85.29166666666667,206.75,25.333333333333332,0.0,317.375
2023-02-27,89.54166666666667,143.125,23.625,71.83333333333333,328.125
2023-02-28,74.625,290.4583333333333,29.458333333333332,130.125,524.6666666666666
2023-03-01,78.04166666666667,257.2083333333333,33.041666666666664,81.70833333333333,450.0
2023-03-02,70.66666666666667,246.58333333333334,29.0,88.875,435.125
2023-03-03,79.66666666666667,226.75,39.291666666666664,128.33333333333334,474.0416666666667
2023-03-04,90.125,274.9166666666667,27.583333333333332,0.0,392.625
2023-03-05,127.79166666666667,222.41666666666666,27.375,86.75,464.3333333333333
2023-03-06,69.5,234.29166666666666,30.291666666666668,40.708333333333336,374.7916666666667
2023-03-07,96.54166666666667,386.2083333333333,35.375,0.0,518.125
2023-03-08,102.375,112.79166666666667,40.916666666666664,0.0,256.0833333333333
2023-03-09,76.25,263.625,25.25,0.0,365.125
2023-03-10,86.25,249.04166666666666,26.208333333333332,38.208333333333336,399.7083333333333
2023-03-11,92.0,86.70833333333333,19.083333333333332,0.0,197.79166666666666
2023-03-12,89.70833333333333,243.04166666666666,27.708333333333332,0.0,360.4583333333333
2023-03-13,98.375,0.0,28.666666666666668,73.875,200.91666666666666
2023-03-14,97.54166666666667,0.0,27.25,158.04166666666666,282.8333333333333
2023-03-15,87.54166666666667,228.45833333333334,31.291666666666668,93.29166666666667,448.0
2023-03-16,79.875,334.7083333333333,36.458333333333336,0.0,451.0416666666667
2023-03-17,73.75,53.75,30.5,0.0,158.0
2023-03-18,103.45833333333333,96.41666666666667,30.416666666666668,38.125,268.4166666666667
2023-03-19,92.45833333333333,132.0,29.333333333333332,48.333333333333336,302.125
2023-03-20,101.29166666666667,71.83333333333333,27.833333333333332,36.041666666666664,237.0
2023-03-21,77.95833333333333,0.0,33.833333333333336,0.0,111.79166666666667
2023-03-22,75.95833333333333,250.04166666666666,29.75,71.41666666666667,427.1666666666667
2023-03-23,107.83333333333333,114.91666666666667,28.0,83.04166666666667,264.5833333333333
2023-03-24,82.75,312.9166666666667,24.125,39.541666666666664,459.3333333333333
2023-03-25,70.375,102.41666666666667,33.791666666666664,93.45833333333333,300.0416666666667
2023-03-26,77.625,0.0,36.541666666666664,81.25,195.41666666666666
2023-03-27,110.58333333333333,304.0,39.708333333333336,38.541666666666664,492.8333333333333
2023-03-28,85.75,441.9583333333333,30.083333333333332,0.0,557.7916666666666
2023-03-29,91.33333333333333,133.5,36.833333333333336,135.625,397.2916666666667
2023-03-30,75.75,193.45833333333334,31.083333333333332,83.0,383.2916666666667
2023-03-31,89.625,149.54166666666666,33.708333333333336,91.375,364.25
2023-04-01,59.25,1350.9583333333333,42.5,49.291666666666664,1502.0
2023-04-02,97.70833333333333,1448.9166666666667,34.041666666666664,85.66666666666667,1666.3333333333333
2023-04-03,95.66666666666667,1649.875,27.958333333333332,41.291666666666664,1814.7916666666667
2023-04-04,86.91666666666667,1562.125,31.833333333333332,79.5,1760.375
2023-04-05,96.875,1540.0,23.875,0.0,1660.75
2023-04-06,90.58333333333333,1557.8333333333333,28.833333333333332,49.791666666666664,1727.0416666666667
2023-04-07,85.91666666666667,1105.7083333333333,35.625,0.0,1227.25
2023-04-08,62.125,1298.2916666666667,31.583333333333332,177.95833333333334,1569.9583333333333
2023-04-09,95.75,1534.875,38.291666666666664,0.0,1668.9166666666667
2023-04-10,76.91666666666667,1722.2083333333333,36.75,0.0,1828.7916666666667
2023-04-11,71.95833333333333,1209.5416666666667,30.791666666666668,116.45833333333333,1428.75
2023-04-12,101.54166666666667,1250.5,37.75,88.20833333333333,1478.0
2023-04-13,64.70833333333333,1277.125,21.875,67.625,1431.3333333333333
2023-04-14,80.83333333333333,1498.5833333333333,35.75,90.79166666666667,1705.9583333333333
2023-04-15,84.83333333333333,1490.7916666666667,31.625,49.0,1656.25
2023-04-16,83.04166666666667,1387.3333333333333,36.083333333333336,36.708333333333336,1543.1666666666667
2023-04-17,81.125,1087.7083333333333,31.416666666666668,72.33333333333333,1272.5833333333333
2023-04-18,92.16666666666667,1330.4583333333333,32.791666666666664,49.291666666666664,1504.7083333333333
2023-04-19,71.33333333333333,1330.5,49.416666666666664,0.0,1451.25
2023-04-20,107.95833333333333,1294.5833333333333,30.666666666666668,118.08333333333333,1551.2916666666667
2023-04-21,77.66666666666667,1486.4166666666667,33.625,46.125,1643.8333333333333
2023-04-22,77.0,1512.5416666666667,24.333333333333332,43.75,1657.625
2023-04-23,50.666666666666664,1356.3333333333333,32.375,47.708333333333336,1487.0833333333333
2023-04-24,90.16666666666667,1216.8333333333333,37.333333333333336,125.29166666666667,1469.625
2023-04-25,84.08333333333333,1541.0,28.208333333333332,84.875,1738.1666666666667
2023-04-26,78.08333333333333,1206.9583333333333,28.958333333333332,37.708333333333336,1351.7083333333333
2023-04-27,77.0,1551.0833333333333,28.291666666666668,0.0,1656.375
2023-04-28,83.08333333333333,1440.125,34.458333333333336,0.0,1557.6666666666667
2023-04-29,105.125,1416.7916666666667,40.041666666666664,0.0,1469.5833333333333
2023-04-30,72.75,1453.125,27.041666666666668,0.0,1552.9166666666667
2023-05-01,98.16666666666667,1420.1666666666667,39.5,0.0,1557.8333333333333
2023-05-02,86.33333333333333,1322.2083333333333,33.916666666666664,84.16666666666667,1526.625
2023-05-03,89.66666666666667,1496.9583333333333,33.333333333333336,35.083333333333336,1655.0416666666667
2023-05-04,75.58333333333333,1266.9166666666667,26.416666666666668,82.20833333333333,1451.125
2023-05-05,89.70833333333333,1517.0416666666667,31.708333333333332,35.333333333333336,1673.7916666666667
2023-05-06,79.08333333333333,1660.7083333333333,34.75,82.91666666666667,1857.4583333333333
2023-05-07,87.41666666666667,1475.3333333333333,30.291666666666668,47.625,1640.6666666666667
2023-05-08,85.04166666666667,1296.125,32.5,76.125,1489.7916666666667
2023-05-09,85.0,1792.5416666666667,41.5,0.0,1919.0416666666667
2023-05-10,56.083333333333336,1583.9583333333333,29.875,0.0,1669.9166666666667
2023-05-11,103.16666666666667,1389.4166666666667,29.791666666666668,80.83333333333333,1654.9166666666667
2023-05-12,102.70833333333333,1619.0416666666667,24.25,40.666666666666664,1786.6666666666667
2023-05-13,82.0,1389.8333333333333,30.041666666666668,0.0,1501.875
2023-05-14,88.54166666666667,1169.4166666666667,28.375,46.875,1333.2083333333333
2023-05-15,85.625,1500.2916666666667,30.958333333333332,89.79166666666667,1709.9583333333333
2023-05-16,69.5,1414.4583333333333,31.666666666666668,44.625,1560.25
2023-05-17,98.54166666666667,1583.6666666666667,28.875,77.5,1788.5833333333333
2023-05-18,78.41666666666667,1136.625,38.041666666666664,0.0,1274.9166666666667
2023-05-19,72.83333333333333,1260.125,29.208333333333332,0.0,1362.1666666666667
2023-05-20,96.875,1440.25,24.75,86.83333333333333,1648.7083333333333
2023-05-21,100.70833333333333,1500.0833333333333,39.583333333333336,84.875,1725.25
2023-05-22,89.04166666666667,1571.0416666666667,35.5,0.0,1695.5833333333333
2023-05-23,79.0,1334.0,34.25,92.20833333333333,1531.5416666666667
2023-05-24,76.08333333333333,1695.0416666666667,18.291666666666668,0.0,1789.4166666666667
2023-05-25,67.45833333333333,1498.75,21.666666666666668,42.041666666666664,1629.9166666666667
2023-05-26,71.33333333333333,1087.75,32.625,0.0,1191.7083333333333
2023-05-27,73.16666666666667,1406.0833333333333,27.125,0.0,1506.375
2023-05-28,72.08333333333333,1469.7083333333333,25.708333333333332,0.0,1567.5
2023-05-29,79.125,1679.375,35.708333333333336,41.583333333333336,1835.7916666666667
2023-05-30,82.41666666666667,1404.7916666666667,26.916666666666668,0.0,1514.125
2023-05-31,71.91666666666667,1428.2916666666667,36.791666666666664,39.0,1576.0
2023-06-01,68.66666666666667,1208.4583333333333,33.916666666666664,35.791666666666664,1346.8333333333333
2023-06-02,92.25,1600.8333333333333,31.166666666666668,47.833333333333336,1772.0833333333333
2023-06-03,109.41666666666667,1300.375,29.083333333333332,40.583333333333336,1479.4583333333333
2023-06-04,60.041666666666664,1386.875,33.208333333333336,160.75,1640.875
2023-06-05,107.375,1533.9583333333333,25.708333333333332,0.0,1667.0416666666667
2023-06-06,94.79166666666667,1428.1666666666667,32.166666666666664,43.75,1598.875
2023-06-07,76.70833333333333,1459.8333333333333,37.125,44.791666666666664,1618.4583333333333
2023-06-08,63.25,1407.3333333333333,32.166666666666664,76.66666666666667,1579.4166666666667
2023-06-09,86.20833333333333,1208.8333333333333,37.541666666666664,75.875,1408.4583333333333
2023-06-10,76.91666666666667,1360.6666666666667,24.083333333333332,42.208333333333336,1503.875
2023-06-11,96.58333333333333,1548.4583333333333,26.333333333333332,129.83333333333334,1801.2083333333333
2023-06-12,84.54166666666667,1519.7083333333333,27.208333333333332,49.916666666666664,1681.375
2023-06-13,69.70833333333333,1404.9583333333333,36.708333333333336,0.0,1511.375
2023-06-14,93.875,1552.2083333333333,31.041666666666668,86.58333333333333,1763.7083333333333
2023-06-15,67.58333333333333,1280.8333333333333,31.125,44.833333333333336,1424.375
2023-06-16,89.95833333333333,1597.9166666666667,34.0,0.0,1721.875
2023-06-17,100.04166666666667,1397.625,25.125,0.0,1522.7916666666667
2023-06-18,99.29166666666667,1428.25,33.541666666666664,46.791666666666664,1607.875
2023-06-19,113.41666666666667,1206.125,35.75,35.791666666666664,1391.0833333333333
2023-06-20,103.16666666666667,1497.2083333333333,41.416666666666664,0.0,1641.7916666666667
2023-06-21,91.08333333333333,1725.875,23.291666666666668,83.5,1872.0416666666667
2023-06-22,93.08333333333333,1445.7083333333333,23.333333333333332,40.75,1602.875
2023-06-23,91.66666666666667,1315.875,33.0,130.66666666666666,1571.2083333333333
2023-06-24,86.29166666666667,1369.5833333333333,29.541666666666668,0.0,1485.4166666666667
2023-06-25,85.45833333333333,1185.875,27.5,81.83333333333333,1380.6666666666667
2023-06-26,88.70833333333333,1558.4166666666667,23.125,0.0,1670.25
2023-06-27,85.625,1535.6666666666667,31.166666666666668,0.0,1652.4583333333333
2023-06-28,91.91666666666667,1254.5,44.166666666666664,82.375,1472.9583333333333
2023-06-29,105.375,1369.75,37.333333333333336,95.41666666666667,1607.875
2023-06-30,117.0,2491.0,28.0,0.0,2636.0
